06367
05672
05217
16139
01605
10196
09300
09847
12902
15142
12464
19027
17965
00214
17149
13913
09554
05554
15480
14944
18837
08158
10049
05413
11272
16263
00092
16978
12705
15863
19170
06404
17533
14199
08832
12076
08937
09772
10969
05930
17856
16850
09827
09192
05695
10472
16245
04291
07671
18108
16061
11481
17807
15861
14205
02737
18555
14873
11590
14447
04903
03889
00910
16605
04630
14674
14933
03876
07399
06184
13250
07243
02695
02908
13667
00222
01526
00322
09493
08276
03110
10577
14622
09329
17487
15628
05045
08755
11735
07268
07494
16544
17245
03949
11487
13788
01624
05343
03346
04969
06168
06396
11255
10030
01885
03019
07513
00078
05167
14689
18275
12264
15760
09316
05264
16125
14398
17237
14191
18615
00593
04628
01841
02042
15094
07812
05245
14340
03486
03257
00340
05704
13365
01023
01324
13522
14291
16132
01044
02532
07111
09958
09643
08844
10688
16739
11424
13340
02381
03675
14224
14323
14456
15979
00569
13482
05101
17403
03686
00043
12529
11102
08741
17561
11737
13357
02203
08453
12340
05277
07406
10390
16543
04953
07199
18613
07427
14463
14694
17615
04889
00623
01073
17702
11958
05235
15854
00196
12466
06376
12832
01812
03342
16554
10912
00089
03437
01923
18565
12468
08067
01325
06090
02969
02236
19003
02922
13580
00576
18540
13652
12117
13081
00232
01760
11485
18479
13584
09884
12737
18264
11449
08777
18236
15509
04900
14432
07634
12667
11667
16983
17883
18517
04218
03400
08253
06542
11306
17642
17541
05007
18402
02713
14911
14407
03960
15631
14349
00382
06674
14751
06761
15982
11288
04080
14998
18215
08951
16106
17189
12007
07539
15260
11169
18539
04098
01585
04663
06333
04741
06978
05106
00756
17139
07358
02679
17737
15174
16085
16425
02766
08009
06289
14934
00416
00122
11139
07168
15278
11121
13189
02495
18050
00082
15620
01139
10089
00564
01929
16202
07078
09092
12202
10871
06806
17532
05038
07932
01698
16006
08575
11062
07918
00093
17822
06115
18370
00212
18294
04571
07848
13834
12622
12452
06077
09469
05191
07593
07345
09991
00120
15409
16920
16210
12929
09663
12748
07970
02757
18645
18836
08406
01255
03632
06084
16240
01554
18396
09143
01855
17590
00700
17309
04835
15830
07021
09427
09196
19065
06880
09473
03629
13748
10081
18575
10985
09338
05462
06824
03308
10508
02030
05514
10286
09301
17820
16525
12384
14819
13395
03163
18511
01372
01960
08336
15539
17239
16037
05433
05549
01914
12054
10748
02939
05074
09186
13164
13757
05822
01333
18585
01418
17304
15420
10421
05988
09700
12823
17967
11207
16581
14773
11744
08766
13374
09753
04823
06450
00839
03332
05803
06613
18033
12649
14267
08994
09089
12856
13450
01026
11722
13916
09140
12023
06548
12721
01862
13444
01060
12762
12801
05135
09989
02406
08790
02241
11064
13681
04858
01525
11235
10309
10683
09690
02979
12882
00372
18205
13901
09945
04107
17941
13765
15164
14356
16660
01331
06475
05097
10623
03581
06105
00609
18488
15650
15177
10307
02159
03155
09341
11117
12344
10939
08618
18705
02761
05454
07838
02666
15552
10382
12664
02154
03144
03531
07221
08545
16527
09347
09627
06432
03296
04358
11995
06949
12686
07849
12324
00712
12403
14070
05834
10830
00115
10639
12730
06962
02403
11984
12605
13293
19125
08262
06535
01746
09072
09289
06448
07480
00355
14978
05882
15296
18342
00630
01275
00805
04066
12401
17911
12778
11249
15001
06205
06298
02647
13299
08834
06980
05499
02102
03564
14923
07515
10710
03187
06389
17219
02968
16325
13059
05679
08867
10796
18291
12896
11583
01183
17260
07706
02507
07275
06901
00213
14561
00154
02688
06202
11617
10504
15688
09269
08277
04328
08341
09970
16692
14958
13495
08424
04450
16656
11259
15306
00942
04323
17498
04958
03479
03325
12303
15714
14371
16493
06334
12225
04923
10243
10144
15199
03962
16931
08789
18947
01167
13657
02417
18814
06464
10630
14451
13893
05452
10619
14574
09337
04298
03114
01493
11423
12235
14626
02720
14872
00405
03571
02776
07239
10682
04379
09876
09625
17226
09342
05307
17657
05098
18961
07978
10937
05037
09266
18025
18247
06154
05560
06051
05222
02673
01131
17527
09502
07462
09706
09685
10228
03224
06544
01036
11512
05044
14024
06306
17462
05881
18932
00327
04634
05064
02443
08952
06113
07553
18994
17745
02264
10774
02670
05659
08945
00608
13047
02122
10767
11866
15237
03977
19108
04228
01835
03083
08836
06339
08529
08278
10442
14310
07622
15396
06874
16814
15144
07340
13523
01352
03846
07233
09845
02779
13263
18316
03788
16164
10721
18211
00953
16693
14026
16283
10609
08809
13684
01683
01011
04410
08121
10886
16869
16735
13800
12850
05031
05080
00903
01690
17806
01000
03235
09917
09434
18696
19173
04821
06328
09793
04428
04719
12936
16480
07300
08833
06669
01184
02976
14455
09360
10510
11889
15186
10870
15262
01809
04707
19002
05520
00493
08714
11867
18943
13024
13264
13152
02775
11856
13132
00634
15154
04732
01271
04242
05768
04537
16093
10557
02277
02947
07410
18617
01363
13933
01970
07587
04988
16401
18870
18440
14211
07638
03466
13124
13587
14151
15803
18581
15405
04837
12131
10616
03337
17001
18163
17535
03674
19074
04852
00968
15967
07635
13537
17085
13964
15387
03278
12318
05604
11582
14562
11197
03959
10698
16090
14930
16172
03191
17852
02962
10048
18001
18652
01597
05227
07241
16214
02682
13677
06309
05276
18986
09617
00429
12200
13750
01390
13089
01508
04776
13742
12518
02781
01048
01725
00369
16200
18299
06888
05187
14176
03023
08213
06319
18048
19072
15355
07499
00597
14129
12611
07992
09732
00772
03014
03034
11482
02467
16592
10898
03579
03106
01757
04297
13409
10453
01409
05593
04096
16614
12718
10611
11957
02512
04832
13439
18718
03503
08289
08319
17617
16346
08274
06411
17282
15986
11329
18030
04581
02482
03300
01145
11890
18719
05256
08134
08963
04443
07432
12632
08953
05005
00822
13532
13932
00645
06873
18102
09759
10344
00724
17729
16038
16366
06480
00242
09208
08607
09580
11374
06953
04577
06926
05638
05601
10357
02083
09438
06990
04094
07030
00550
02413
12372
15475
04471
13735
13463
16852
13338
00453
12100
03605
14028
02312
03074
18248
17173
10518
02288
03979
12834
03360
09588
01375
16900
07913
15349
01734
01429
01423
16617
14724
03811
17259
18180
03175
02918
15764
07582
13811
08699
09107
06331
00445
13135
14071
09370
03936
00826
10904
06839
10267
05743
16800
09130
02373
05156
03028
07154
04512
05769
14968
01086
03170
11811
13432
18554
17075
15130
03185
08133
11209
02180
04432
08830
11815
08759
08779
14107
03263
11871
02626
09761
04418
03859
18709
09313
02825
16435
03231
07404
09800
13512
16694
04255
08594
08107
17546
04558
12770
00703
09179
09372
06035
18865
17696
08318
10595
12697
15936
11813
03931
04551
15847
14671
09920
12849
02786
16542
00474
14624
04926
04622
10791
08534
09723
13548
01063
03373
07279
02868
13318
03829
07793
08535
12308
01077
10978
04555
11511
05507
18834
06116
02924
10175
03559
16170
10893
17707
07724
10821
06997
15098
03080
01031
18922
03377
14603
10229
13851
06394
09195
01646
13618
16221
09319
02533
10655
03850
07842
10892
13870
14410
11228
14497
08655
14418
06574
10559
07486
11252
17871
04074
12572
11286
04720
16762
05175
09048
13517
19155
11000
18484
08561
07003
09646
03186
03063
14985
02791
15696
12894
00432
14831
00112
13682
11905
11732
12988
05341
05762
18407
10706
06317
11979
02131
11312
11650
13503
08407
05856
03899
00931
12195
18322
08645
14134
01695
15643
03558
15007
08871
00266
00108
10362
14307
10106
15231
15294
10449
00398
15482
07559
17432
10713
03926
00016
11939
12660
09530
02961
16347
17660
16616
05122
02996
03240
07012
08587
03866
17767
07423
01245
00572
02651
18748
13236
18246
12184
01787
09065
05620
01489
11772
14197
13105
00298
03299
07688
06496
10483
04920
08748
14066
03766
10014
00379
00258
07303
16432
09682
05857
09240
18286
10182
12694
04526
06601
12219
04201
15167
13686
08860
04862
06440
15918
15564
15126
03845
09804
10112
04211
01594
13343
12075
04056
01450
01094
12180
00172
06606
17476
02289
02542
06265
07631
08130
06304
13039
12793
12082
03457
13940
17634
09679
05352
01808
03851
08003
10533
10249
05685
04280
14084
07232
03842
16232
05496
12713
16469
08272
09237
17970
01202
11977
16191
07258
11721
16209
14287
17289
11619
12544
09941
14879
00553
13352
11453
06144
02650
02627
04587
12309
18449
16350
06860
09821
05177
19166
09992
15134
08810
02830
16403
17401
13345
03806
04578
04057
14919
09448
16942
00656
12058
00443
15325
14783
04138
17457
02953
11239
03568
09250
02477
08461
17461
17774
08802
00984
13670
14700
06241
12127
03459
03982
14984
16181
01805
01168
16339
03864
09351
08484
13511
00581
13296
18345
11550
11274
03596
15200
07325
10938
00674
05040
12373
05556
12388
09211
17863
14583
12492
15775
02743
05225
12567
05067
12247
11257
09109
04728
13339
12097
17601
11549
10997
12128
07845
08413
10511
12469
04411
01007
05913
07690
16886
14051
04372
15604
03037
18739
08095
13208
05313
16405
18547
11797
16977
16091
08111
18650
15483
02121
05510
03384
01534
00396
18256
15971
01788
05407
10000
07265
06738
11751
08442
02587
05733
15241
02664
06081
02951
05202
17825
09778
06019
03117
09525
17949
07861
07227
01002
16357
10058
01982
03382
15484
01999
19000
11963
04260
18527
11190
01459
08927
02163
06662
09843
04561
17374
14658
04908
12085
18902
13332
10693
19154
02609
18173
07844
08012
08084
00315
17339
17210
06451
01911
16457
01221
10993
05410
10012
12487
12423
02149
01138
15078
04479
13924
12747
05390
14649
19073
05509
03779
10050
09993
18124
06435
12700
12501
03555
10010
00021
06310
00813
10659
00029
05046
15774
18765
17641
11522
18060
07987
01056
08719
00848
08074
02676
10552
10281
08387
00510
10694
05605
11922
07191
15707
05796
10928
03767
10123
00567
17898
09949
12382
15239
18197
18153
01383
13697
16065
18240
16827
00606
07194
12162
05573
14836
17010
14091
08015
06728
18453
02055
17997
12947
07312
16443
08354
07237
09278
00008
03580
03501
00020
03928
17514
14264
04423
03637
04400
03461
17394
06840
12848
17650
08058
17362
10420
02287
03978
05644
16960
02594
18971
05398
16206
01651
12995
13334
11135
03515
13847
17524
01301
07212
01606
04807
18550
10840
01219
06161
09709
15477
14488
14646
04202
17584
00494
15636
13934
17056
05477
04448
00449
02144
18998
03391
03549
09584
08677
07367
07188
04396
07276
02232
18676
08841
02550
06274
01465
18011
03980
10482
11347
14686
02046
13416
02885
16116
06650
07215
09693
03334
14842
17314
12648
03620
03449
08654
13037
09855
15099
09680
15808
06269
14011
10347
09967
12765
15173
09311
07052
01506
06200
10259
02333
07840
07271
12815
16802
12749
04100
02296
08451
17117
03891
10015
00472
12798
11606
07055
09379
01030
00221
01479
16344
16459
14871
08154
04839
10660
18432
01169
00789
11194
06123
03412
00461
14612
18245
08886
02833
00261
04598
18378
09457
06735
08578
10283
13795
04700
14589
18721
04769
04401
01556
17759
06545
05680
02980
08345
13074
04928
00251
01481
13780
07720
00615
13655
05250
11525
12617
05272
19148
15610
00547
01307
10907
18711
18941
05842
17727
01430
02279
10617
18288
14547
08505
07095
09177
08920
03390
17711
05915
05096
05094
19144
18056
04241
03753
00592
18500
01511
14867
13818
14903
04692
08889
07470
00991
05809
15263
12883
14506
00667
07727
12927
08069
05849
14896
02092
14377
09326
13022
17955
15450
19044
02303
04459
03130
03374
02360
07077
12811
13095
03153
09101
19028
06750
13775
07851
03496
11991
10284
07966
15745
05356
09064
12840
01867
11448
00733
15662
14966
00622
10462
09116
06345
00914
01537
17875
06992
10231
10291
09727
03884
02378
13062
06967
00729
17013
18939
17595
19118
16595
04553
07231
18992
08149
15845
10635
08622
12587
15897
07259
12616
17797
01829
12504
14177
00052
11749
08376
09385
02095
14729
16844
03664
04040
13838
01990
08784
16903
15412
12474
02421
05805
13828
12213
04143
06398
16256
18841
07700
18235
03353
12005
16281
02855
02485
16253
02247
05021
16711
10131
09123
06297
04784
00655
02754
00210
14440
01130
09260
06956
17706
18800
18401
16332
06895
11767
17854
13446
00034
17379
05586
18017
06757
10929
00995
07383
17877
15528
08612
08487
11396
13465
01213
13458
13880
15822
17639
00584
10317
05978
08255
18559
02557
06875
03725
16768
18190
09031
02276
04115
02091
09557
03347
16171
13717
07449
15586
05396
00199
13668
04248
05295
05821
10162
11074
05887
15623
18577
04314
09076
07250
02817
01148
15088
08982
15146
13043
09433
07943
06864
10940
14180
14536
07122
18087
02174
08153
00326
11986
12860
18516
11530
12574
15162
15100
01989
06408
09087
02199
17167
05303
10438
13139
03802
00107
09667
09374
05744
03497
18945
05422
18757
14421
00032
02393
18026
09975
06453
03662
02330
01655
04486
09315
04679
19101
05116
08665
17273
16176
06401
07583
11211
10489
00505
00420
07749
15083
10851
02054
06589
12813
06635
12892
18852
16787
10838
16610
14832
09924
10733
15699
10998
18536
14060
05781
01273
03896
12776
15417
19174
14654
17766
07803
08679
03683
15632
08110
16891
10977
13699
13700
06706
17007
07418
14828
15998
03950
12451
17629
02835
16810
15627
18262
09403
18746
06375
14988
13690
11933
11553
12129
00245
17812
14789
05310
02067
17211
09265
10581
16798
09921
08556
09163
01719
14931
09943
12733
06190
08733
09606
05308
04365
05226
11646
11183
10632
00422
14245
05692
13744
09675
04008
15048
07795
05994
05108
00069
03223
17951
06647
16849
12238
16785
07798
10079
08215
04599
09771
14793
03591
01144
17635
18924
16932
18323
13288
11542
00575
09235
17719
10613
15943
12332
18954
09576
04848
14509
01257
12244
02457
02077
05402
14181
00201
06240
17399
12448
17818
14531
07318
07330
13290
02239
10034
12941
05946
08482
00852
07039
09835
12911
15846
16853
04370
09095
12433
17689
18993
10739
13586
02900
06765
15749
17962
01290
01395
10474
05649
10434
13890
09842
11601
08760
04655
17861
07150
13294
09976
07468
12315
16782
11163
14829
05713
12325
08793
15333
05020
16299
06472
07473
08250
07518
03552
08873
08609
01723
17958
10971
03178
14734
01842
12060
11680
07964
07169
04142
16020
10583
10161
02402
15989
16096
15816
12939
13855
16053
02892
07916
14464
02119
03176
02878
14094
01413
08161
08223
15867
19016
18582
14912
04696
15317
10212
13869
18142
10039
08259
01917
07050
02486
16470
02804
15244
08916
04899
14690
11654
15093
14795
13513
02986
03267
13397
18727
11534
14061
09550
17310
15261
18529
10451
10105
06625
08694
18280
12163
15485
13986
09483
13925
01745
00336
03822
15259
07240
04915
03330
06726
10205
01504
18670
18822
02354
02376
14489
10690
18004
11964
05013
05720
05929
06224
03276
06557
04740
05677
08925
12304
05036
17315
12126
03927
18389
14565
12426
08439
16419
10046
07921
09823
13666
08370
10479
03755
09944
01626
17069
08375
05467
10316
06438
13248
05382
18074
08268
02742
10393
11411
14044
13011
17397
17052
16186
11182
16516
12683
01129
06262
04635
09470
02087
13854
15805
16824
02886
01414
07846
00023
08077
03071
19102
16246
18722
00999
19161
02613
01870
16158
03506
09618
11126
07794
06976
13560
13055
14651
12434
13689
06939
14171
10833
06970
12893
06225
13959
18728
10615
03628
12767
08379
02319
06598
14955
16238
10513
00909
15763
03359
06028
13149
18213
11739
07171
15212
13561
13394
08243
05565
18371
06951
13958
12568
09500
18695
04829
11615
17542
17699
13904
11377
11709
14090
03685
14868
10731
07382
16511
04929
06392
10744
03892
14803
13483
00617
14656
16593
13634
10842
10930
08812
13369
02573
00589
04726
05703
12828
12220
10387
17031
17326
06395
15804
12891
10579
02751
00387
10181
05260
06381
12284
00207
07514
08747
18127
11946
02773
15476
12062
05701
16252
11159
11309
09539
00341
06506
09938
18092
18034
06547
14160
17773
03668
16515
14590
07764
04395
00594
17620
01948
17857
08465
01210
01542
00452
04668
06550
10915
05087
14330
18285
10470
02463
11661
09531
05871
03311
11477
15170
06554
13315
00271
10195
12445
12806
16982
03221
00747
07549
06766
12536
10923
05986
02665
19093
08071
03473
14666
05082
07598
05775
06712
01709
05223
06671
03532
14335
00780
10447
19011
09766
07142
08611
03502
14238
15299
13875
04592
14282
03060
05996
05364
18199
05548
10951
11287
13161
01286
07843
16161
12651
16268
08509
08290
13281
01362
10113
03880
10816
00558
01174
14436
01753
06140
15709
18459
02763
18673
02329
10994
11940
00048
18635
12973
15978
10399
13150
02229
14038
05034
16588
16933
18000
05399
10524
08462
04378
11810
18051
05807
11373
12297
06220
03773
07737
18466
13097
14360
02063
08108
16518
13557
05254
06984
01512
19092
18597
17692
10201
08344
04157
13174
16183
01297
02690
01740
03453
00856
05546
04320
04220
01874
00427
12851
07747
07388
13568
01754
03166
19039
14154
18782
11326
10520
01548
07535
09990
13812
00374
10673
18439
04053
18095
17489
12585
00010
06402
11076
16121
12803
04613
13965
04229
03355
13856
14719
06489
14054
14806
14321
02770
02553
10152
01907
12816
10983
10269
11057
12031
04312
03439
06441
04276
16667
12887
09226
05400
17922
08601
10477
11683
14098
01994
18884
13529
00709
16131
12558
05457
05487
05962
03626
03697
05985
13000
00328
12644
13738
11936
10239
16999
15578
02007
00604
13260
11381
11314
15125
15806
07072
13038
09016
16858
16289
01925
11554
05600
10638
14631
00883
01782
01037
14860
05827
00705
08552
01592
05706
14161
13710
00145
04734
05424
10526
10906
09054
13469
05209
03644
04690
18612
09008
09153
11435
06892
17352
18326
18720
08956
13749
01105
14961
08633
07654
12614
06257
07817
16144
11096
18640
00333
07054
12447
10158
16836
06711
13489
17780
11841
06720
07247
01937
13502
08863
15565
01025
12662
03998
01727
11367
04174
15111
14396
07125
02484
01425
17649
08362
03867
04126
11723
05331
02045
17872
17996
04892
07877
16505
08251
12937
18633
00811
06422
09408
05783
16464
12424
16288
11857
08349
05061
02608
11071
00414
02204
09003
00752
00014
16741
12578
17434
01770
01910
05361
06318
16086
00872
00876
07968
09335
18374
09098
19126
17778
02334
00727
17994
13372
00252
15082
03546
10429
00744
13769
07266
06772
00732
18677
11829
14554
09462
08794
08070
17101
10100
07121
18317
18179
14465
06764
11012
09797
11433
19164
03140
00886
05326
11269
05286
09284
05524
07490
08066
03091
12734
10151
05081
03225
07951
08089
02531
10746
04853
18481
10957
04639
07784
02945
05826
05201
00388
08369
00501
02579
18896
04442
11634
17644
13946
09411
09678
12495
13187
13016
08050
06608
16323
06512
10467
00858
18412
18321
04462
07558
08846
16927
02214
09041
14643
10783
06556
10529
10999
11734
03601
16040
13656
05904
05614
17202
15313
15054
15866
04039
17393
09115
17819
10819
12294
09668
13534
00373
15894
03136
13445
16664
09002
01484
01604
18442
10367
13048
08033
07955
06876
11175
03239
13509
15179
03171
12992
01318
01771
03358
16752
15756
16370
06656
17192
17775
14704
04682
15954
18687
18983
07255
04024
02175
04346
16420
15792
18421
15074
18047
01261
03985
18915
06413
15203
17474
07317
13860
01742
15769
02168
13951
09814
14802
09974
18545
17515
04247
13760
12098
12731
06999
06141
05642
10858
00359
11260
14764
16971
18044
09334
02473
14797
12203
19068
12099
10672
11039
13434
07620
03215
15015
13902
00900
05957
00184
16282
04257
15715
12343
17513
09396
09431
00847
01401
09376
03292
12728
09205
07674
14461
04130
08773
06552
12419
04717
04925
13078
01648
16907
01057
15857
09219
07180
17665
01509
00036
09886
02736
01238
12125
09730
16413
11003
10852
12743
10252
04574
18295
15981
05861
19147
18416
09927
07321
06631
15318
15395
13342
13179
10359
00637
10849
00263
18156
18807
06338
16763
11037
00664
04724
10373
02727
00316
04408
09846
04166
03747
11158
08585
15924
01658
10386
04808
00294
07996
12783
02143
13359
18594
12150
07852
10891
11094
17287
11578
02681
02130
04962
12339
17178
09102
00974
05418
10531
08959
14498
12169
00297
18358
14535
12454
01902
03057
13507
08296
03040
16360
17488
01225
01067
13985
02984
14862
17143
16034
09495
01761
12167
08395
14483
08798
12473
07540
04051
04198
17673
08210
08281
04513
14331
05301
02899
04079
04463
11375
14878
05304
03635
01350
18279
16234
02729
02167
06342
01179
04530
17205
13418
14462
06308
11925
02782
15452
06246
08306
10656
09609
02925
02606
16179
12928
06129
12050
12954
06995
05042
12636
03281
00377
12255
18854
03018
07497
11390
04523
16970
05205
09252
12029
11472
07042
01820
06774
15977
15436
16879
06065
13468
15563
09589
04451
13426
11826
05955
13488
12479
12259
10003
13402
13558
10289
03623
02787
00118
12046
03000
16028
18913
11203
00943
11413
05112
00131
06180
02930
17187
09857
17378
05948
00530
13044
10413
04944
17625
07642
16732
08929
12055
09645
15430
16317
00162
01154
14787
00094
13508
09401
16795
10575
00770
16424
09058
13129
05113
06335
15762
05722
08912
12429
14471
05077
03836
01894
03013
12052
03733
15820
04087
16372
04309
17777
16107
04075
01059
14990
12714
15103
08179
09825
15090
18815
08085
16632
13147
10198
07263
18080
17372
09556
01146
09073
07458
17826
07584
13980
02789
17094
10878
09085
04518
03631
15742
12810
11315
11134
16502
16303
05953
10760
08831
01104
02866
12366
17757
00699
17311
03126
18334
12895
08418
17342
02242
12390
16706
14962
08661
08248
07017
06994
14204
02653
15367
08292
07896
09166
14013
03421
13376
18977
06230
02667
15588
01531
05231
05766
10129
16584
11761
09703
17452
00484
18749
13552
08328
06136
14261
17345
16637
16866
13588
12888
12272
10407
04015
01379
04219
15441
08227
15721
00253
11188
11132
10478
02707
18175
03805
16328
13530
06789
13872
16071
14108
08722
18395
16760
02946
12971
19183
08309
10753
09422
18572
05199
00590
09704
02262
09419
09870
04270
01944
15962
04595
11919
06490
03032
07329
00740
12305
12791
06399
05772
01778
16724
08957
05956
01005
09540
17986
07222
00552
06513
12154
01476
01095
17445
17296
15535
14587
07273
15635
07884
06996
00348
05525
16818
10601
17848
08204
16917
01299
00794
17746
15524
09426
10087
15646
02811
16625
06537
00272
07048
13510
15038
11861
11834
08269
02815
16563
11842
14362
07675
14198
14659
18464
09551
16506
05232
13046
03653
18312
02478
15246
07825
04249
01774
18763
02065
00582
14450
03085
09161
01513
00466
08184
10036
03538
04790
10023
00025
07866
07066
15359
11343
17105
09841
08974
12726
18621
15277
14192
01108
07954
18379
01254
00578
12756
00758
16390
05408
18827
07084
00678
03051
16786
03001
13087
04425
09981
18702
06324
03066
18055
02718
02889
12722
01010
05746
02909
00220
19078
01412
12725
00916
01158
00334
02741
18392
18821
15407
05325
19124
00937
04772
12404
05900
18562
07860
06687
01962
03208
07002
18742
15346
11956
01632
07938
11497
16415
17088
15781
12273
12051
12643
03097
07686
09748
09321
14173
05588
07297
08496
14309
10276
12158
09382
00808
11202
18059
18238
03048
07705
17009
06983
01102
19031
00257
03469
05576
08786
09711
17964
02480
01889
09287
16239
03132
07859
00031
16833
05059
04675
06559
03705
05022
13825
03762
12181
12506
01439
09963
06382
00365
13598
18067
17059
18801
03698
09437
02642
04421
02409
04452
11577
12205
16364
14086
18767
05444
09184
02901
13583
00529
18905
09743
14404
08118
09547
12634
08822
15831
03831
13504
15934
17814
11898
07619
04955
07040
10724
17486
01160
14716
06302
11022
10037
14763
10325
07621
16568
06856
00799
07536
07487
06762
08026
01649
11541
08297
05383
01170
18482
10134
11338
12769
09897
06283
07692
16069
04831
09051
10415
12261
00084
13284
09648
10108
08961
06233
18406
15183
06226
10785
13193
08353
18693
15250
05319
13169
01625
01217
10045
00551
17415
08163
10614
17885
04012
18981
05763
00136
08460
08427
15838
09272
12543
18741
05481
02475
18817
02314
16726
11385
12782
01759
05002
11330
08200
07141
16738
16835
10945
07429
04589
08024
14585
17597
10115
13371
06965
07683
03678
10966
00798
12732
16803
12485
14823
04453
07652
01538
12459
00663
15829
03570
14389
06705
15421
11296
12906
15698
00834
06369
15439
16490
09524
17168
06321
12708
15852
17662
09244
17628
15139
15366
04607
07411
07959
15976
07035
02630
02223
10573
08757
13278
04354
09860
15600
00613
08735
08662
11242
08055
15198
16185
05251
05782
02584
04603
15950
03036
05865
18391
14162
08139
05406
18610
11607
10035
02549
15268
04789
11088
06022
18369
14960
07708
12505
09569
05568
11354
14695
14568
18781
10025
05134
05846
18537
11573
18794
05729
07155
17200
14056
00044
11451
11800
05351
17672
16955
16599
00748
04271
08062
13252
08415
16708
05974
03957
07931
02415
03430
06971
13501
16935
07190
08754
04305
15428
18603
10668
08687
11505
10932
18146
17983
11999
03995
07722
13711
05123
13822
04465
14504
02281
00890
09741
04906
05505
06158
10096
11496
08519
02936
09227
13180
01981
11179
05918
04369
02357
15988
07941
00351
09754
16746
16848
02559
15372
08018
10592
11247
16947
00644
07479
15234
11116
05836
13992
04650
08426
13217
02450
07961
03617
18515
02069
12934
11807
09165
12805
06684
16775
09822
05535
18024
01553
06791
05817
08960
05923
03594
11969
04124
14850
00742
05825
10602
04586
03541
13481
08669
00863
05258
04519
05244
17645
17638
06364
10600
14194
14023
02285
07109
09152
17333
12969
10278
05409
11162
03730
01965
00515
05607
05363
00347
00119
07739
03008
09202
06008
14269
15656
03988
01083
09739
15458
18375
05027
09805
01603
00181
15723
07262
17047
01241
15191
09998
11757
02637
16841
13269
13759
09637
14890
01945
16129
16269
06478
00169
11701
00930
07694
07944
02547
01447
03726
04282
16092
09929
17550
01793
14742
01654
02582
05282
14158
14929
09014
05119
08178
09768
17230
17294
17184
18493
04546
16272
00736
05411
14116
05832
02658
15826
09747
16154
16379
07314
13877
18818
14556
02516
16521
05404
18178
16745
00947
09775
07096
13478
19172
11420
15489
04200
01166
14220
10775
10943
15710
00585
03295
03563
12230
11301
08444
12933
17969
04533
03709
02096
04239
17769
06181
14009
02578
11404
17224
17104
03990
04885
06373
17917
00278
17830
00256
18165
18496
14687
10777
08425
08965
00247
02139
04208
08337
07161
11693
07527
11444
16442
03068
03020
13251
17817
05141
18157
16340
07217
07461
14635
04258
00339
04348
17250
10461
00561
12608
07875
07094
09468
15494
09767
06149
15532
04898
00671
08532
11547
14608
18224
17723
01347
08244
15669
14945
10341
05381
16277
15541
03760
02234
16057
00439
12586
15404
11152
08450
05626
14369
10800
05374
16857
00217
15352
18470
18066
14328
06199
11784
12115
18832
06124
14721
01181
08305
17604
04063
13892
11226
12118
07985
11817
08849
10351
16864
08638
02858
18706
06098
09763
09859
19089
08818
13098
03460
06359
06040
11743
08739
04447
05011
14064
13962
13134
15700
09957
12457
08093
10661
09614
02503
17846
17760
02129
01248
07928
04942
01791
01462
16220
06485
13286
04957
16627
06119
12038
14437
04588
05932
08143
02372
17976
12363
05084
08590
11443
03868
16777
03513
10808
01419
06139
04076
01016
11882
17292
11195
15570
14692
08586
01356
05818
08808
03898
08238
05088
11620
06386
02671
08002
17217
04429
14611
09789
05504
02328
04576
12757
11291
14647
09660
10643
02166
15569
09662
02706
17030
00171
01216
00837
17810
02992
13171
17272
13240
12661
03443
09023
07165
00364
07709
07682
15157
10862
01524
12533
15227
16353
08472
11200
03141
01460
16019
14500
06380
00403
09169
02471
00524
15265
06038
14597
00957
01376
05306
08275
01614
08355
01547
03809
02812
11459
01593
16822
13941
00358
03775
02169
04267
07368
05531
16998
04525
18712
15783
05981
00215
12393
01426
00944
05751
09084
01399
06600
10455
02368
02752
10953
01938
11538
11998
16292
13084
07366
07835
04660
03491
10701
18133
00157
08256
16099
17370
18233
15172
17199
15790
03917
09684
13675
01159
16915
02434
11704
07857
06575
03611
09564
00598
10502
05241
04509
07762
00639
18736
11877
01687
18829
03958
18810
00722
02048
15758
00216
11460
04662
01468
09736
17355
10959
05991
04516
09673
06132
17621
11887
00356
18075
10059
11041
08040
11595
15105
15107
13572
07786
01933
17361
00337
02785
05784
06142
12889
16412
09867
11892
03584
04770
09969
02505
17255
05770
02211
12237
03393
05111
10488
09656
04697
08187
04175
06520
05921
03763
02596
01794
16311
17375
05168
10398
13715
03577
05537
17637
05555
12502
15961
09356
17522
19180
04299
12530
00147
06959
04827
06968
05340
06960
04974
10299
18489
12542
15612
06108
16972
04938
12470
11170
05571
10280
01033
08360
02461
15135
09348
07952
02452
00659
17741
18217
18899
16730
10570
14364
00312
08147
06975
06838
01735
07197
18857
14103
16117
14994
14477
13701
07032
15383
04114
06314
14540
12204
09429
14188
19012
08695
06216
16429
08416
01494
12658
18403
02044
19026
15778
07080
14305
11469
03924
00425
08392
02320
04619
14359
19146
18083
08109
09371
08452
08744
11083
16381
07839
13001
03536
18367
17543
14821
12862
08673
12618
13088
18383
03572
04649
06037
09383
16878
14226
03800
01636
03771
16383
09653
10535
07344
06054
04052
07830
07228
07254
06444
02876
00273
00774
13764
03610
00268
05552
18431
15661
16010
01637
11462
14593
03627
13636
09634
02560
18452
14419
09343
01378
09444
02070
08616
00950
14553
18132
04890
00986
16211
17530
02367
00804
14708
08441
03618
06611
09999
13069
01510
06540
06238
06055
09066
12089
04659
14615
09909
03441
05281
06273
03327
04402
03969
02794
15779
18134
12724
13053
15163
04168
16184
13991
09144
00818
06938
16484
09641
17479
00499
08261
04562
04785
01368
13092
15717
14727
12786
15206
00997
02589
09352
06732
08948
05315
03671
00402
18357
04140
15133
17410
13220
18792
10931
02326
05062
12171
15397
05688
00307
07063
14937
14320
09136
05983
13535
01113
17761
03661
04472
08393
13447
14825
00153
06936
01027
19185
06159
11004
13404
05975
17297
15400
08011
18151
12211
05869
12766
00548
18867
11488
15429
07485
16081
07481
12405
08400
03070
03053
05344
00179
11878
05777
17118
16709
07512
06477
11518
11565
02844
06861
12122
17477
16860
17264
17619
14759
16033
05229
05723
13272
01369
18646
11320
19163
17705
00397
01572
04183
02539
15972
14648
02438
05716
11660
04664
14039
11631
12968
17833
01814
14995
07807
15382
12194
15120
14289
15872
04695
18551
05148
10414
17133
12435
04050
01354
11125
04042
02499
19051
04049
07167
12709
08072
09633
07804
06393
06045
08930
09046
02222
13930
00635
01284
00532
05668
12940
03120
05420
02617
11403
13157
00650
11066
02004
02227
09692
17156
10537
01385
15568
15587
13539
02598
05800
18953
06315
11276
04517
15935
07774
15021
02412
02916
13703
00053
12633
04335
11838
09149
12807
11044
12923
00457
10279
10680
05142
05628
07488
15029
01789
02580
01569
13148
05200
16659
07322
01096
02261
10042
00079
00994
17451
08028
17242
04704
10370
18622
09705
07196
03015
09774
02076
18477
04621
13368
05181
09212
03398
16832
15377
04179
10282
07316
00566
14300
17485
01714
18058
13926
12257
04021
05029
14053
05321
02544
14379
02745
07335
12381
08801
01311
00782
09172
16758
14494
13756
03808
19182
02170
18957
12581
15777
14005
13718
09254
13658
08315
00450
11702
09423
07164
01861
12444
05721
14768
11468
08569
11514
18900
04209
09926
04236
00451
00204
18221
12912
13396
03813
11598
00775
04856
06097
02948
07315
13006
07864
00436
11316
09577
05479
01049
06057
10996
10646
11614
16976
02394
04797
00482
09734
10346
13524
03589
05741
15449
10612
14632
09290
17961
18363
12123
15297
04148
04477
06632
16631
16923
10914
04800
18320
16838
06702
00860
12932
11363
05959
06110
06397
00042
08219
04897
12565
01897
03314
04887
09508
00013
01860
16243
18737
08283
14709
08615
09595
11828
00426
01269
03218
05526
12283
16531
11782
05387
08303
01799
17448
16945
02249
15691
07520
02522
06120
12950
05512
02244
03288
13982
09197
13120
19058
08065
09069
03442
17306
02036
15470
08829
05329
03431
10991
00938
05829
07892
09858
02318
17785
09504
14776
12853
01611
08968
01065
10498
01498
07385
08743
07326
00696
11804
07643
11649
00419
02423
17788
13140
11016
08233
05575
10169
08907
10899
09010
08284
00833
00105
16816
12288
03888
15272
09889
06449
02445
07269
02991
17768
04896
16430
18041
01209
14049
03356
04171
16227
07525
05392
09241
08119
14909
00502
06582
10328
04773
11901
08767
00143
18009
13320
09053
03266
08508
04880
12711
02891
06607
19010
15080
05941
17985
05799
18008
14438
12639
11204
11846
11140
16834
02635
10207
05508
02944
17756
15474
06165
16476
07339
15084
01042
12143
00406
06546
13428
15245
10946
10848
02216
13505
10795
01888
17146
14452
07447
01374
00175
03184
16115
03484
07596
01641
03128
03448
00948
06294
01567
01018
14352
10067
00342
07704
14402
16868
07089
02133
07153
10179
18996
08131
03236
11040
03770
10717
00430
18090
17385
03646
04404
05255
04117
07105
16941
11056
12410
19086
00130
16778
10238
00638
08851
08279
07166
10125
17263
00961
08874
05888
03030
14907
07517
11105
00963
18077
08811
03467
06538
13721
18053
15466
07174
08838
10436
06027
07037
11641
09894
18694
07130
06777
16845
09965
09330
02926
06201
09187
11695
17732
05305
16797
02800
14361
12706
09238
13774
05296
18325
05684
08837
10007
05314
10492
05700
05192
09399
09094
15884
12865
05458
11714
01801
18520
12323
00137
11350
01549
18895
01935
05219
10297
15386
06887
02366
19081
16826
13761
12905
17073
11663
17267
05068
04781
03937
10512
04934
07281
05391
02911
08469
09966
01349
04480
06950
18261
00642
13442
04611
00767
11903
18764
05050
14835
08915
00095
11007
16876
10814
05421
08864
07062
15039
03921
11673
02460
05590
16607
07594
04878
03609
17580
05663
01864
01834
12590
13460
15786
11466
02712
11253
00755
07986
17870
04069
08649
08983
01338
07369
15858
11145
08772
16491
05569
01197
11501
10422
13492
08287
07306
18628
13569
14982
10585
02179
13790
17549
19037
13885
15928
16602
07291
14816
04251
11321
14640
13268
01991
12812
11068
07664
02949
05158
17145
05019
05755
06609
14691
00871
08046
06894
12780
18663
05065
15361
17197
01574
07113
16988
04345
03500
08783
11430
15008
04389
14898
16195
14033
00376
10271
05669
04031
04104
16150
04905
18018
03201
09607
01795
02778
17881
05868
05813
12607
08401
05696
12541
15415
10546
09071
16957
15238
00967
17493
16122
04128
11993
09430
14246
12311
11687
07313
07347
02254
04904
09358
01061
10177
04791
01305
09361
12753
00361
12413
00618
05550
11032
04227
10009
03862
00873
18848
03027
07106
10889
01767
03363
03942
16399
19157
17710
14439
15490
11233
16089
09613
00191
01405
12147
18850
08471
03383
08762
08308
14037
03952
06603
11362
12418
14210
02519
03973
08623
07890
03874
07148
00281
15502
08167
15393
14813
00571
18783
17678
16008
07327
00546
19122
00047
13659
18361
04846
05739
00447
15898
01643
16322
08878
11416
01790
04067
03849
06495
11214
04245
02386
09689
16173
06016
08825
06301
05551
01137
10215
15384
17714
14598
11342
09890
06515
13896
03756
05643
18611
11976
06185
11994
16466
03370
10860
03901
16369
01432
09354
19162
04873
08989
09657
02090
06623
10150
17446
14412
11293
03477
13454
00810
13863
11642
07146
02601
14133
14010
06885
15316
15463
07001
03707
16066
14372
08554
18112
15320
14812
05752
18629
13321
11093
01693
13887
12328
05920
16145
12086
12329
11863
13023
15794
00362
09314
07044
04954
13594
16912
13009
16386
00075
15701
09537
15941
03723
03814
11655
03160
03494
02528
10254
00134
17422
14865
10296
12112
13745
11592
11302
11101
16067
15992
01446
11844
09188
00303
01448
00018
11398
03598
09786
07509
10385
06126
06195
07811
17252
13411
15516
07581
01609
04417
09271
07118
17371
10418
03919
07501
13726
16047
07456
12595
15616
13131
11908
18079
09318
08891
00716
11414
09865
14130
02621
06507
12317
06543
04091
13310
08602
09913
13153
05870
03624
00797
06833
05333
14702
04737
04604
03997
16022
14571
14441
14243
11290
09986
11300
10323
15725
16517
12378
08191
07534
13931
08320
02029
02248
05213
01342
00600
01081
13265
14857
11912
15304
16905
17742
10758
11283
04351
08096
00660
01853
14817
18218
02593
10827
07768
13673
03452
06790
03025
15070
07394
07405
00976
10090
05117
05674
05933
16539
12229
18354
02943
06137
14765
00072
11278
06206
12597
11264
16669
17724
07684
00039
09701
18859
01441
12789
14113
14840
11231
17022
03818
05242
17948
11366
01810
02041
18290
08172
17610
04172
02153
11712
04757
14880
04733
02005
07543
06361
04795
18426
09057
01054
17503
17704
09726
08758
01403
01118
01522
18589
19015
14513
14218
09916
09952
11731
12512
14467
05673
18057
00313
05632
10702
15033
04921
16024
15841
11968
11131
02265
01392
16021
01109
18032
07999
05789
01776
17726
08542
16373
09687
03643
12041
02094
05760
11935
03774
04981
05500
17225
09695
14306
12015
06403
12166
06919
11054
04950
10607
06433
03035
00523
13597
05640
01346
09090
00471
08734
11600
06516
06643
07323
07079
07537
11484
03885
18704
07493
17057
05057
18671
03056
05714
14546
10061
09133
08991
19017
11005
12821
02562
16769
18249
02767
05155
03349
00185
10882
12004
11988
02426
15071
01716
16297
09623
10828
11457
14153
16499
08821
05851
07454
19098
01664
05945
08518
18592
04482
00330
08511
11906
16974
12577
18508
14446
07022
14312
03322
07614
07542
00331
02323
15752
01314
02364
01903
03397
13627
09527
17675
05132
14754
15549
09413
15501
16582
03930
02317
11104
08923
14901
06905
00832
16331
16749
13108
10728
01817
13104
01685
18468
15883
14214
16953
13975
10975
08474
06715
17551
01726
13462
10509
16310
14573
11024
15702
10227
03879
05324
16472
13687
02971
05220
02820
08502
07719
07547
15923
06459
15939
12677
13494
16896
09571
09357
04262
01901
11931
10469
13676
18679
04838
13356
16908
13072
03426
16875
16368
18521
09801
16059
04394
08476
04322
09207
01967
04924
13654
18154
16765
15640
10759
00486
00269
08826
12866
15585
06228
10285
17049
13581
06596
17364
06041
18531
16618
12292
06327
04758
02864
04830
17703
13936
00235
01330
17216
08183
12885
17910
19175
18071
00815
17408
18012
05806
12032
11671
16672
08628
17300
03517
00739
17671
03168
15003
10145
10140
10642
11168
00225
08282
16463
08610
01762
09062
07687
17480
06813
11618
09677
15932
17588
14270
15220
16742
14231
11792
13138
05873
05625
03780
15020
08592
04281
00168
11967
01847
07666
09826
00654
09168
12845
16426
18310
10501
15819
11682
14874
02888
00557
18790
14977
11001
05533
07601
04366
02134
14740
00306
11407
07324
04296
16591
12383
04342
11164
12157
18088
11421
01382
11628
07127
08480
17632
05368
13781
00878
02999
15022
06502
16193
07599
11978
18274
10383
12922
04948
09787
16946
17832
19141
18775
01619
09364
13762
06243
04987
01052
10166
04997
16851
00603
14058
15511
13331
01021
04189
01638
01851
04936
03587
16890
11297
01106
09534
15276
07336
14854
11720
12253
14152
17912
00616
01918
09638
08643
06252
19030
10350
07000
12511
17547
00504
13696
11479
16688
04778
12335
07834
00135
16078
14502
09267
02813
14986
11959
05417
04337
18353
11048
17627
09915
09402
16306
00454
12994
12427
18591
01171
16080
08713
15995
06078
02178
10825
09513
15062
00952
13040
02710
07046
05004
18660
15719
10051
03177
02884
03100
07198
09719
14453
14316
01956
04439
05749
10736
01157
10853
10244
12569
12949
06358
06870
14591
08538
00270
16621
02675
13195
03724
18908
03741
10128
13367
15508
07342
10647
00424
09001
00004
10173
05596
18935
04493
03154
14097
06827
10794
16031
14382
17990
14368
02974
13422
04011
11471
19121
12234
10471
05146
04647
04027
11830
03907
04398
11934
18232
14083
14822
12164
04205
06285
17080
13333
02271
02099
01278
05330
12645
08711
05725
08352
13571
07137
15594
09456
01298
10804
15321
06929
09286
09790
15210
10018
18534
16537
10704
06536
17529
02380
04810
06597
13012
16250
15286
01187
06443
16823
00960
03769
00864
09103
16014
15503
03301
15543
00718
08781
04610
11812
09214
18241
15903
00746
13145
05845
10189
06117
08124
02607
00160
00870
08892
07469
11456
04575
14234
12698
13324
09794
17947
06533
06103
08150
04855
12857
07068
00395
01212
02408
06048
15546
13186
17598
12689
15791
00544
19020
12300
12389
10306
09988
03987
07930
05114
17068
03507
10410
13601
06844
15851
06191
17100
06500
02383
18844
17521
08157
13577
08944
12488
16831
15951
09602
04544
07647
17193
19113
14007
04739
06300
07873
10441
00011
05678
04584
06719
10551
12931
17406
12341
18569
00846
02017
10532
07379
15833
05848
09086
04014
13401
12431
18678
07019
02382
06104
10772
06737
16152
06941
13229
08761
06047
12534
11419
11059
17891
04469
04721
12935
00267
02422
18985
18964
04330
09362
11137
09749
06934
17418
02882
14892
01551
12844
10761
06646
08690
18583
10225
04438
00735
12233
15595
09388
18808
10503
14395
01120
06221
12346
17560
10091
09532
18754
19032
07348
08523
16079
15593
13733
12458
18797
00110
03009
19087
04952
01471
07229
03428
09813
11700
00188
16218
05416
07822
02920
01388
02714
16662
16212
04497
16930
03701
07880
05998
03145
01503
16199
10648
09234
00517
09037
14075
01988
18876
03873
13210
10765
05893
02604
14800
17135
01153
10174
09121
05754
13873
14660
13943
12524
05542
09536
04806
15931
08850
09489
12967
00155
11961
03102
02414
02283
05864
06740
10242
14739
09594
03317
00676
14993
09306
00989
18806
00394
18331
08635
14183
04641
13303
09874
11962
03865
05248
04264
02708
06138
15697
16437
10651
02883
16601
09012
05486
08859
10203
03344
03498
01258
02339
00276
15572
18414
01906
17906
18382
02363
06122
07685
08678
03378
12138
16247
05694
12068
01361
03586
01703
15902
00838
02365
05154
03341
13398
06599
17011
18210
13500
03376
15322
08593
18602
17772
10352
09435
15571
02963
07717
05270
11014
03269
02747
04730
04874
11463
10516
18120
16130
03101
04941
18265
14347
05138
02370
15921
06804
00087
11539
18330
12739
15279
09848
05377
13574
00111
03711
13606
09349
06121
10861
10431
06630
05855
03556
04289
01699
18007
10053
06493
00003
16261
03765
16523
15562
14922
11271
17398
13155
01101
12137
02816
06692
17661
16611
18642
06619
07908
15990
15812
05423
06993
07853
17132
17762
05705
15706
15555
02237
18139
15298
13698
10216
10416
03380
06708
13457
05938
13100
04454
13219
00428
00357
12278
12980
12842
16993
07730
16475
03518
09146
03065
02840
03839
04877
15558
01040
01947
13955
03265
12962
14004
13301
06498
10185
09533
00332
11950
06807
05898
00781
16074
01265
04968
02101
02633
10740
17227
10392
09218
03125
08207
14794
09024
01543
00291
10400
02107
05165
12774
06466
18914
12043
04531
11937
18393
12835
14290
17536
07464
03328
14495
03607
08094
13405
03890
17693
04283
02037
00973
00875
05056
07076
17793
07802
05265
04204
11379
07927
02110
01813
11295
05794
12024
15089
04763
10497
05587
15226
11333
17388
16806
13185
04034
12295
03527
09659
02205
06670
08042
08053
10381
07140
02500
10964
18692
13242
18714
05140
00248
04292
10608
09994
15828
06954
04495
04504
03228
04164
09232
05624
10963
07785
10530
12262
15221
02684
00738
02053
08549
01215
17935
00586
07034
13956
03113
03718
16486
09712
10563
08936
15117
06410
07796
15856
18689
15637
02231
10556
13922
05894
15810
09157
16830
01824
02464
12034
05397
06886
14112
09930
03351
12814
01226
18743
02832
08493
07126
01627
07073
02267
14843
13380
13123
04557
04653
11771
08680
05238
02632
05294
06207
11819
04570
04277
07555
18699
03345
02933
17091
06808
02355
03227
07551
16215
04036
01237
07185
04743
11086
08347
18076
00102
08533
03912
17831
06425
08651
17640
05711
02209
09599
12710
04927
04329
06253
15059
06709
16197
05283
14277
06532
00651
12981
07138
14725
02762
12145
18063
06357
10487
02301
06111
17459
15215
12274
03910
07660
04636
10947
11745
00522
06717
09432
11133
07567
06128
11795
16545
00965
16747
10854
18085
01955
04445
13650
10303
19099
11177
13103
02838
11199
14837
18805
14745
13973
12461
17134
12822
16771
08463
12609
02300
03343
07102
18708
04413
12116
05944
12854
16880
00941
04265
10130
09279
08343
15960
01140
15596
12149
17027
10263
17003
00116
06636
06406
10667
05147
03913
09881
02846
13968
08383
02744
09751
12182
04779
00827
12593
01424
14641
17412
16380
05753
08447
05727
14422
04240
09369
03010
09522
06030
06982
04714
05541
08595
03103
10627
18796
10033
06665
10881
06377
09919
18637
17823
03641
06263
00888
06937
12036
06303
17435
02213
03243
00056
07116
05048
05687
02442
14798
02807
03433
10057
14088
18269
14358
12982
16142
08999
17579
15724
01107
00840
17942
13246
16579
06420
13270
07242
13443
04946
08294
04405
12500
09652
03427
19103
11113
12322
08116
02959
13289
00442
08346
14118
17568
15418
08653
17853
06350
14394
11827
00413
02444
12630
06423
09928
16264
10476
02534
00129
05495
06145
07922
13027
10121
17744
17849
07360
14493
12650
06468
18564
07568
05017
04798
08981
00458
07506
00985
04633
12299
03272
00785
18476
18639
07395
05880
15302
17483
01117
09932
17624
07854
12665
02022
00631
08765
08478
08636
14127
06834
16482
04224
14956
12656
17855
02672
18626
02034
18390
13438
05583
16355
15416
13206
15116
10622
10522
13117
09126
15455
08749
12966
04294
14415
03803
13939
06032
06882
06942
04623
02252
06015
06918
09697
06852
13961
02555
15435
04973
08435
03423
07541
04563
13541
05290
06642
10521
12402
03148
07236
16847
13767
01939
01313
12635
16578
15222
09931
08515
12591
13538
04688
10875
06446
01445
06483
07151
18475
09760
09215
08788
12480
16680
03197
05100
06746
10786
17176
15079
15956
14169
15031
09450
14110
18278
11258
16720
01199
17431
19085
12963
09406
12198
09934
17784
04376
04765
09499
12953
11284
19009
02841
05354
06579
08642
00536
11502
04626
05253
12287
18172
08043
08404
16324
18868
14425
06686
07438
01618
11221
17811
01142
14706
16643
18037
06594
16280
10801
13302
14855
07585
16861
11900
13125
07465
17284
11317
13970
08477
06282
18441
12037
16233
00206
12312
13664
16182
04729
17021
00843
07287
07350
05671
14595
08490
08977
02114
03285
06354
18528
16634
14526
09479
10124
14318
09815
17573
15113
15030
10240
02732
02150
17207
10665
05876
12699
05616
02701
01058
03512
10133
12359
18443
08924
10811
12087
07869
06989
07384
13452
11155
02268
03203
02093
00675
01836
07082
10948
00481
06372
07783
01681
02025
07307
07100
01584
00531
15292
00279
12517
10275
13953
14617
12489
11691
05972
05969
15659
15527
15128
11599
18831
10008
18228
18315
08192
11603
10076
18430
07415
12702
01972
11893
01873
02641
03480
07962
15156
00951
02849
02084
05506
01730
15368
06244
00081
15626
17945
13724
18553
06061
15291
10669
10078
04403
05066
06405
02769
19050
14808
18838
17838
15445
10293
12958
17086
07261
04560
04731
08101
04710
19169
12788
06753
13950
03275
15843
10288
17111
10232
12293
06473
08728
17436
04018
08034
11755
12236
10845
05686
05859
04850
04511
14376
11154
06421
02586
08286
00528
02898
04615
13808
18774
12453
06071
17015
02726
14866
17733
15579
09082
09127
01827
10727
11391
07009
07015
02257
01995
05578
01750
06385
12349
02088
08475
07575
12348
10443
16842
12679
16098
06248
04540
04960
17265
06347
15693
05804
01659
03604
10547
12545
07277
12226
10955
02774
04911
19158
14701
12520
08105
05885
06697
10980
06743
03237
06845
00448
11136
02656
15096
09505
05060
16376
07195
10027
00389
07806
06312
10465
12516
12800
00934
09022
18356
18978
18686
09096
03274
11910
06673
10954
18304
17449
13609
14079
12513
01014
07478
07993
02221
01339
06847
06062
03784
09581
12001
16138
18593
05984
14905
04118
09091
16671
18327
04485
17896
18963
05450
07929
09170
08823
02755
09715
03046
03887
00060
16345
05345
15232
09973
04547
07020
07007
01908
16192
13632
16439
16308
15006
04078
05630
06052
11825
11904
18143
00854
07646
03533
01227
02903
08122
12693
01587
18359
04109
06064
07181
08992
02481
01207
15732
00824
18123
03600
15940
06822
07984
05759
15689
09310
10484
00653
12254
07026
09875
08307
02280
01406
17109
03137
10287
14910
02748
02316
11872
12668
17966
10486
07998
11129
05149
18273
04285
08995
11103
11665
09274
02625
17981
14584
06792
12877
14148
07351
11833
00063
00512
17131
01766
06884
10763
12103
00133
12991
08025
18434
10664
13010
11218
10902
08390
17581
16538
15301
03650
15169
10463
15589
11970
15525
09257
01700
11821
06617
01959
13971
00384
08189
11728
04945
15486
18181
18065
09445
17055
01066
07476
03736
08492
09728
03588
01309
18934
11388
04464
00897
15660
08681
14948
07238
09247
09355
00777
07630
13596
07935
00073
16679
15211
08340
04867
12761
18910
05405
05052
07789
17268
16194
05089
03212
11187
16600
17890
07117
00865
15312
16901
12746
16721
18029
00906
01079
15369
04119
17441
05734
14663
11855
17519
18809
18447
11543
17491
17463
05429
09586
14756
10812
08712
10217
14406
16453
01276
10294
16913
12655
10637
18187
11848
07782
18227
02634
16939
07736
00088
06615
06667
09563
02108
01176
12764
15651
14913
03966
02418
08076
11035
17295
12554
06059
11763
06330
15685
06387
04687
14431
10141
06409
11191
12387
14102
18965
17879
03179
04822
01394
11613
09830
12152
04766
03974
10890
08457
13228
03017
07667
11273
07566
07947
11115
02970
05572
04311
08288
15877
14166
08045
14348
10160
06964
05924
13136
07629
09325
18214
15255
03630
16675
16213
17571
08221
17161
10863
02753
12460
12391
12496
13888
06739
05198
01998
06290
09720
00835
15811
13355
11764
16870
18976
03932
08774
09699
00902
04468
19179
07085
09764
06109
03735
16519
10389
07595
12456
11438
17000
00620
18893
03992
11394
15878
00490
01940
17556
13259
05824
04105
18931
03165
18921
07223
12025
01612
03282
06899
19176
18760
00496
13734
17612
06383
15140
02189
11835
14876
00920
08458
13141
05613
12140
02430
11859
08984
12924
18239
13741
18505
16673
17802
09346
14853
08023
08791
18563
07833
11192
13725
10237
16837
10700
16788
16011
10684
16477
02548
03119
13622
19137
14326
06855
17681
03882
08486
09745
15343
05203
04841
15370
11370
00579
14374
08583
12890
08620
18966
09837
12011
06355
15471
18204
06963
13207
16168
02783
10636
13282
09167
13882
17247
07600
01260
12596
10040
13553
00399
06713
15336
02558
16885
09702
08550
18755
10337
01832
03107
16244
14885
02024
09714
09302
13480
02513
00690
08301
19156
01819
14814
13644
16141
06487
13518
09979
12555
14991
10799
03547
06620
10361
10979
12846
15148
05221
08797
08271
11585
07065
07204
05990
06974
13256
17652
15011
12080
03989
07862
08596
13562
06275
02243
11780
12646
15344
08799
12066
01642
08326
12183
15797
08503
03599
08848
12594
02618
02524
02709
07820
06867
11475
09139
08820
12371
10589
06795
08691
18045
03702
06368
14255
10896
08671
07422
05152
01722
01652
18634
05662
03639
11943
04275
11850
04980
03395
03075
09415
08580
11245
07505
12048
05233
04804
12392
06278
17913
14003
15175
14201
08146
04840
13850
01588
18100
09068
02188
14894
08567
02238
11180
18497
09666
06326
11334
06021
07234
10327
17753
11473
06865
00596
09132
06583
18664
06209
12380
14921
06281
11758
07274
08159
05712
05629
15893
17313
12975
07270
08321
10313
07826
11371
00574
05170
09366
01328
12548
08883
02391
13665
10170
05710
02686
04917
15891
13546
01485
02359
18684
12758
03157
01319
05107
17223
09204
08884
12899
01752
18596
14474
11018
00568
01310
16670
04672
15052
06794
03615
09878
16712
07831
17373
14884
04259
13836
16063
08166
15285
01196
17792
11123
15870
11625
18202
11166
18386
01337
09007
08448
11201
14216
07507
15025
00007
00880
18415
12562
02571
00433
12719
02935
07814
10981
12267
16153
11008
16207
11268
19095
05863
09961
09367
14952
01235
17504
18097
18853
14365
12094
13477
04108
14388
11524
03895
00293
14804
13329
09512
08558
11854
06186
10645
19022
08377
05603
12916
07767
06492
13897
13578
10843
10146
02801
12013
11883
03245
17423
08887
09387
04524
15641
11874
10262
02592
03948
18669
03294
02805
04150
10391
11760
09538
06745
14545
09887
18254
14337
04569
18242
16753
02335
06648
10769
08857
08142
15389
16175
18454
01125
02384
02870
10491
15553
08933
07187
00970
04359
02511
01231
16989
12898
07305
15690
05773
06362
13060
15875
15993
03695
16914
02749
02245
00318
00068
05854
08194
11822
05184
12214
17103
03972
14481
10109
08870
05043
13603
04999
04972
12252
02654
15253
15347
02912
02620
10315
03405
06699
13306
15399
14405
13820
13739
03793
11664
06293
17028
09398
10925
12855
02869
01182
00483
12738
01175
01188
06360
09305
00922
09093
13758
04213
12421
13678
16574
03264
05612
17497
00463
15868
04099
04712
08910
17895
08489
03329
16843
14645
11196
07193
07349
14753
01622
04156
07544
12386
15123
02572
16278
07703
08527
05658
06192
00100
00437
17381
18250
16689
14629
13307
16228
00113
09466
11740
10560
16333
18425
10666
03216
17468
12044
03923
15672
05234
06788
15799
00114
01422
14136
04416
08249
18494
02032
04500
18631
03553
14146
10094
08488
05016
03411
03739
01332
10187
14947
09425
02965
14242
04860
17389
17606
14511
11561
17012
11384
07264
06471
09213
08212
10356
07578
05585
19054
13373
14059
08312
15807
12790
03173
11568
14209
15900
04520
17215
07396
15419
17229
11699
05561
08500
18641
00867
09608
09987
10310
06434
15895
15536
00621
16483
18918
09977
01396
17815
12716
03717
04711
07362
15324
06871
16805
06862
08327
01578
11849
17950
15308
07004
09275
12576
00182
02566
09812
07451
11452
05456
16301
17936
08639
09328
10440
06835
07531
17869
05599
13776
15329
18756
11658
00218
13093
15017
10103
06668
05159
05627
16995
05350
04043
13042
17453
00657
16159
17248
06412
04064
08524
08666
17442
04433
10962
15026
12875
16048
00751
03069
09807
12432
11392
18301
06797
18220
08942
15518
18168
00809
06212
14838
05024
04817
18491
16676
16969
09964
12467
07681
01628
13858
15136
13235
16784
12701
11924
10043
14580
17181
04698
02250
10277
06675
07942
16615
14881
03340
05699
02472
12093
17303
07676
07472
08364
00495
13485
12977
11685
01211
05927
08216
16478
00955
09923
03566
09950
06837
04295
15193
11624
11953
13311
06555
10139
08514
15937
19070
02639
15235
03669
03706
18209
02790
10330
12965
14428
11248
12759
06857
08086
09816
09603
13976
01662
18121
06400
03660
05047
10708
01963
10432
15678
16813
04811
05293
04158
04308
14302
02972
03649
12707
12355
00850
09762
15910
13403
11708
05875
11675
10311
17653
09574
13319
17249
10209
17782
14482
15468
03749
01515
06655
05656
18901
17968
15925
06539
01099
14247
04661
09162
09421
16962
04620
09585
02291
13430
12035
11572
17274
07609
02863
14847
02058
14427
04261
15188
00626
02437
16178
11816
13165
02215
10523
00090
08949
17721
03807
12073
17791
01218
02410
18524
07332
06981
06587
10095
04752
05131
08208
02543
01320
17630
10679
04101
18306
00760
14233
08367
13923
13366
03984
09309
04246
08470
15727
02615
06481
17880
00492
17051
00817
01843
11089
19061
05634
11791
02545
17944
08710
09368
12132
10210
14281
10333
15859
09544
01180
00030
02692
06379
08685
01689
18429
05240
18543
00283
10974
08313
02240
04182
07891
08591
18766
01950
18364
03490
15920
02600
05530
17316
04545
15848
09691
00041
04436
14953
07272
15102
09363
04377
19177
08839
16856
18158
11992
10747
18469
03387
07989
15892
19116
02538
14253
09261
18975
09060
12915
02760
03509
03658
17144
01461
15127
04431
17700
03241
05039
14534
14336
11756
14639
00487
05473
19160
16395
02272
00939
12061
04381
07628
12113
17359
03523
16728
00684
08890
07855
05897
18155
04331
17841
13292
05489
19014
14889
06612
06012
06163
02517
19134
05815
08856
15832
11596
01437
06969
14435
17119
14891
00633
04488
06710
14830
14777
12365
08517
11928
11798
08901
14971
19136
18171
12904
15217
14927
13640
18111
16940
02217
01502
14363
10164
12281
17061
16884
00849
03682
10961
06947
16811
04677
05357
08776
04307
10505
13784
00728
13600
09765
10654
04184
17680
11307
01055
18208
14275
02315
03193
10901
04949
01596
00540
01871
06419
02117
09230
18135
04956
13472
05558
01517
00301
17424
13752
17930
14184
02379
06219
11114
17798
00763
04334
18016
07365
01203
12631
09795
08815
17668
13839
16815
08123
16781
00993
07498
03909
02275
18598
06580
11372
07608
16388
05183
08882
13159
02985
10031
07763
15513
16049
04086
02640
18501
02715
14367
05063
01866
05831
06748
11128
07856
08088
15425
07787
06479
07214
05902
03248
15881
17116
01869
09752
03323
18487
02400
18576
13900
09236
10186
12760
17614
01082
16808
06946
03528
17253
12102
16070
05942
12999
05120
02597
18858
09324
00033
16015
14068
08582
13309
18948
00587
10120
14697
03734
06106
14713
04891
12141
09135
11386
14790
07492
07213
05023
15761
00200
17387
02176
14022
07672
06998
11410
17908
09908
18031
12680
05579
14560
01293
12354
13646
16326
13830
06733
07915
10266
14283
17337
16126
10326
00869
04467
03720
17328
09029
11597
17235
06096
00309
01084
17369
12509
05708
18362
02577
06343
03902
09122
04154
13722
01367
08932
12559
11181
12207
01934
06534
01580
12859
06749
10567
08298
00723
02921
06661
03151
14743
04155
06429
12715
12843
08588
12215
04072
00282
16569
17897
02952
18191
15750
01353
19066
02872
10685
15754
06093
01420
05951
19083
07657
01639
09672
08099
13170
03853
05076
12573
14630
07649
02104
06883
03783
14027
17029
13853
14906
18478
15016
12327
07091
14292
09828
14680
00982
05389
17018
00344
16257
00410
15619
11574
04306
17566
09070
10369
09567
03280
07823
14391
00304
12959
18784
12296
06010
02795
09543
15514
14785
01345
07292
09694
17334
18962
15818
05125
07436
00646
16204
17720
18404
02127
06872
16337
15432
14559
10568
15887
18201
03047
14714
18110
02182
14899
10880
18408
03757
05320
18373
10829
04077
00211
16653
01706
18984
03312
09447
03404
15422
16704
07731
02583
02568
02251
09455
05718
18770
11746
17078
10412
02981
08510
17137
18556
10941
12755
16695
13938
01954
11726
05328
00027
02387
16759
16994
14893
07533
09796
01272
04111
09216
02074
17534
08943
02348
06802
03934
07446
15018
05054
10527
00017
11206
10855
17186
03079
17113
17196
02504
01127
01185
08512
11944
03244
13459
08361
07023
07995
06653
12168
14796
10574
05437
09824
13127
01565
18368
11254
02343
00062
08112
12012
18010
17790
18006
12676
09947
02341
01886
16839
09304
10214
06659
03524
14140
09713
13989
16817
03621
06215
03297
03150
18138
01454
10154
03365
02389
12652
06627
07157
07235
08017
04199
13244
06972
13067
08692
01458
05163
05157
03455
04122
10534
08689
05243
05909
15472
10806
02198
08637
06531
16365
00792
07338
14936
02567
17591
05463
13436
10856
01029
13323
09097
13347
06637
14131
02810
15042
13514
17307
13903
11225
04194
07144
18548
18313
06823
00801
07224
18061
00757
13898
14594
04160
12028
15888
15615
17496
14315
12178
15050
13796
09485
04881
17376
18136
00236
08898
17677
11084
07778
04676
03478
07149
17358
04151
13635
04319
13194
18643
14486
10426
09477
03425
10304
09612
12561
03504
16004
04572
02894
17643
17979
02917
07728
15504
16714
15621
04302
14384
16394
17492
02831
09710
16966
07735
12944
12042
06510
02826
11232
18311
08083
09078
04674
17095
02554
01546
06900
05136
05362
00109
09620
10571
11042
16444
00721
09779
10628
04658
04609
16504
05791
11332
10500
13754
08206
03964
17344
16871
12688
06075
04082
14284
14219
00563
02851
01100
07397
01672
07872
11118
19149
02454
11706
08629
15624
14413
05162
17338
08495
07696
08630
03510
02873
02165
18605
07290
02611
11875
00602
08541
03737
17548
14839
09681
09273
10956
15454
17528
13706
12742
12557
16146
06416
14761
00265
02646
10594
08217
18845
13852
01088
17238
08796
15560
02724
02142
13182
18526
00908
13358
10305
12463
13126
16661
11781
11034
01849
09336
18826
03825
06292
06036
15679
03454
18938
10093
18842
07203
10787
05239
11322
00647
17475
04489
13415
05001
13865
02823
09063
09716
06957
09320
08079
06043
14189
12074
07205
15582
15949
04434
18573
11776
05026
15187
07400
03379
15905
08293
10831
08168
19111
08242
09783
00164
07508
03362
02668
11241
04894
12201
18980
06266
08954
14548
16313
15414
10380
06851
10689
04159
01559
14749
12136
17868
07420
06664
03445
04230
09405
04231
12792
17150
06049
13746
02136
09592
16776
17395
00311
18329
08039
19151
16895
08775
02259
15768
02585
10064
12604
13628
19018
11025
10605
04686
02206
18541
19115
06691
08926
10934
18438
00126
02302
02659
08947
17266
09644
16219
09393
15666
06639
02060
15481
06130
07288
02162
19069
14443
04643
17269
09308
13585
08817
05702
12064
16348
06784
00731
08091
09803
08443
17940
05801
10757
02455
01323
08564
12321
01964
03470
09481
08222
18680
09629
13935
05995
15013
04032
07377
01932
09834
03575
14470
16894
14926
07775
18413
00806
13857
15944
06958
01859
01141
06729
11694
13937
05278
05740
01053
15065
15132
13915
15410
10670
16062
02080
04274
00231
17231
11703
13579
14811
09377
10001
16260
14983
18118
15785
05641
06056
13889
11266
10019
09251
19041
09806
06626
08785
17464
12919
04793
14845
03687
12872
02419
18979
04473
10596
12361
00421
07098
13156
06821
12985
00412
00299
10148
15759
13065
00161
00392
12008
17162
01486
17636
11198
12446
05472
00223
03745
18606
05778
15424
10172
00156
01186
01856
00829
16481
01440
15787
04597
12022
13440
03471
04225
08738
04197
11305
12063
18864
06391
08358
13533
12290
06118
14015
09391
05745
08177
04909
03777
07284
10290
14278
14400
13592
15124
00400
03612
05538
13833
01121
10208
07721
09194
05075
07925
17283
02479
11432
12239
12613
08922
15109
16587
08911
13102
11441
09404
07011
07960
13566
05968
17943
05104
06046
11773
02904
04753
18824
17293
07475
08257
05224
11786
05414
13731
17177
04706
01821
00972
09339
06652
01266
04762
13154
02325
09201
11046
01980
15233
05079
06341
17931
09611
03333
13005
13691
15408
10178
13829
01415
11365
03578
07408
05631
06009
17977
13213
04590
09327
07390
17674
10069
10268
07868
12873
09414
08528
01150
12196
13663
10515
04374
14613
16687
18632
06832
07402
10199
05532
18137
16666
07441
05905
07934
14772
14225
07870
14193
05847
07156
12396
03475
01386
16937
16231
05850
10802
09933
01087
06099
15519
14769
10970
00823
14679
02536
01678
05144
05999
00391
18588
00791
02796
04713
06842
03847
08577
11299
06157
05737
09378
13057
10445
16928
11364
15882
00565
00083
05570
03162
12972
09718
13191
04455
02934
08613
03302
18823
02020
09312
09345
11019
09440
09283
10353
03361
04490
10086
16382
00778
11602
01721
01483
13300
01577
19038
10437
15447
01826
14248
05446
00074
06332
09788
00538
07604
11341
13729
01417
13867
17166
10245
12627
03279
11143
01371
10950
12547
18958
12030
17204
05124
02877
18463
12771
16564
17071
03714
13176
14100
05051
15529
13466
01519
02784
13871
01957
17443
12957
15118
15339
18002
14728
06156
05460
13196
11569
17433
10258
09262
14957
18661
03795
11759
03324
05484
05528
09117
15147
02905
07677
12368
10005
15559
07562
11415
02923
01528
16455
08919
06491
00286
14105
18444
07448
16743
19046
10976
05872
17384
18578
00165
06171
08016
15218
03487
04617
02392
09907
02184
15896
12671
18457
10006
15095
04380
18380
13957
07280
08348
00352
04654
06390
11262
15426
08198
02792
04820
06768
18936
15479
03335
12153
12868
13351
11165
07047
08300
02674
14888
13960
07352
00226
00923
16565
04656
12190
09808
00898
04391
10295
15980
00921
13143
17201
16697
02253
01449
07067
15899
07112
04992
11741
11698
10038
03914
18685
00125
03413
17739
11609
08188
10193
02518
01291
19071
17655
13030
01246
06044
17420
14466
15209
02721
03409
06741
13816
06731
19131
05049
18103
11777
06374
10879
08581
01978
16733
01038
07184
18296
17351
17032
09386
13348
14121
16075
07124
06787
13766
08640
11801
16421
12033
05172
07152
07337
05623
07355
17664
06927
06131
19084
11914
16996
06560
18735
13435
08479
13090
11280
04318
07744
09333
12897
11762
17847
18456
05173
12741
03429
18089
11594
15104
17074
10126
05090
10184
03759
10314
18336
10850
00459
04768
02738
14096
00776
06039
03659
17194
17209
12867
04256
11818
18969
17698
18388
14228
14254
06591
11669
14750
16143
07591
14393
10272
02730
08211
09137
00408
11679
07386
13845
12049
13068
12532
12475
18997
14668
07375
15229
09717
18419
07863
15138
08126
17925
12675
18332
03690
11217
12752
11643
16474
03401
00958
16979
17518
12307
09918
12515
15904
04982
03576
09074
13702
08399
09253
09742
19110
03190
02938
15097
17280
06944
13516
11061
12409
09553
16819
17563
18504
08986
04863
13801
14032
01259
09895
01110
09081
09959
17046
18509
03331
10603
02677
00203
13178
18128
11562
14762
12175
06977
16906
01193
08752
14386
16652
06000
18560
12441
09721
02269
00573
12240
07616
12275
11455
12659
12263
03943
04749
07718
14229
08115
03956
06176
10302
15202
09490
07177
01243
02431
03495
18804
11043
06629
03029
11446
06029
07876
02652
15814
12663
16938
03250
16773
08551
07881
07716
03562
18253
18917
05095
11397
17751
10251
10820
03916
01474
01825
16774
07334
18263
19178
11880
17165
07163
18448
15505
12258
00745
16494
16312
14085
05262
06572
14206
16585
17631
00691
01017
13859
08359
14943
15437
04269
03826
14314
14619
04203
12370
18226
13099
15176
16400
17599
03105
06814
17414
04914
06236
01975
07036
12744
08570
05633
07990
04017
18668
17554
03792
12729
03076
01365
18619
10641
03202
04541
14492
13550
03180
08530
12717
11426
11051
19077
07836
03109
01845
14167
10102
16740
12901
11769
16922
18289
01631
02171
15115
03226
18460
18042
09148
14089
13608
17734
16686
12155
18420
03446
05028
18170
17995
12508
08962
04341
03906
07391
07182
13326
13519
01610
08608
07895
02219
10942
04304
11112
17683
18021
03031
05012
12077
07070
15112
05355
10965
06455
06494
02914
16744
09570
12723
12286
04652
00629
17405
06214
06915
07772
09829
09100
12986
03420
14137
01931
10910
09224
09198
11049
03804
14941
00796
13945
09449
08979
09088
05884
01673
18653
00853
18530
14999
03543
17114
18949
12621
09005
10024
15793
17626
01407
16911
06816
10697
17899
08746
16534
10982
08716
10908
04144
10494
14886
18149
07554
07294
08125
02014
18681
07948
07260
13412
04502
14883
16553
17212
10459
02079
06616
12751
16929
12246
12210
04665
08398
09559
10822
09880
10749
09128
03084
06782
08229
01173
08842
07081
04775
00904
06307
11632
13346
09832
12673
07656
07801
01035
04993
01080
05041
07252
00911
11234
01555
03348
04549
15630
11765
18164
17278
15916
18081
13429
17123
01092
03321
08247
14353
02591
17110
06011
08536
01684
08845
00401
06313
09256
09568
15747
01076
11548
09665
17984
13610
12481
16393
13370
12908
01686
08946
12852
17821
04681
10273
14041
05997
08751
15189
00035
10565
07202
03560
06033
14170
12672
15633
00404
13162
14746
12301
16594
01550
11220
15406
18451
16642
05947
01172
03016
07421
05928
17613
02764
10430
12945
17421
13496
03704
05388
16445
00460
01987
00127
15201
11020
11517
03444
11612
18258
00946
03417
03616
08304
16105
02491
07867
00681
05615
09296
02052
09549
05877
18877
12352
09799
01312
17208
00643
08663
11087
05553
02307
10764
18219
12628
11038
06767
03971
02115
07058
03090
12684
17708
13623
09203
11820
15879
01283
06222
18117
14932
04998
04019
10312
12938
12376
09428
18498
18020
10841
14035
09125
04849
11516
07636
05964
13119
05844
11031
07056
15086
10917
05926
09045
10137
17928
10768
04112
15444
04515
04026
03827
09332
14757
03262
15270
08342
00935
12920
13266
18889
02540
07298
01936
03843
03415
05664
04794
11966
08466
05346
04499
07624
08987
00446
16767
12503
10433
15997
02352
12918
03169
08138
15930
09331
18160
07639
02137
17567
03198
09698
18194
07658
08667
03505
14370
02049
08265
03728
14887
16271
06276
07038
09558
13704
02375
08171
01633
08291
16035
15613
01287
14771
08378
10085
09582
17365
09242
09025
03929
15069
12836
12863
10815
17545
06162
00964
04303
15999
12420
02128
08506
02588
17622
01523
18341
12336
11696
14939
07958
04708
16156
14074
11045
17920
13616
14308
11351
09503
12471
14683
15195
17035
15963
01927
07108
09145
01398
00932
11107
11324
18222
01854
12476
08729
01381
14605
06819
07467
15622
17509
11513
01702
10823
03743
07815
17932
08005
15438
15729
15919
13876
11029
14285
13861
11387
12156
15526
04422
01882
16242
18880
14882
04326
04939
06363
03625
18427
05890
03657
15983
08706
08658
04847
12538
13021
02827
15677
12550
01913
04191
08258
17800
08410
07659
18820
01971
12861
09891
14529
10716
17795
02644
10745
02226
08973
11289
15274
04284
08049
00511
09997
02854
07160
10292
15853
09985
14120
10566
17946
07726
01951
17889
00455
10729
01046
09809
01802
08780
13728
12310
17128
13077
09397
03207
04386
10597
12242
00195
02967
08129
07159
06356
03407
05274
07428
05103
00194
01348
14809
09769
05516
01114
07613
16556
12930
11972
14650
07016
02758
18255
08547
02821
12602
05385
06778
10213
17437
17125
11955
10444
16411
10894
06752
02051
01220
15264
18616
03860
01292
02140
14738
13954
17232
07689
09175
03904
08449
19042
10342
09323
05372
13018
02311
00753
15676
03514
01733
09899
16293
13929
03554
04527
00150
08705
08421
07627
06783
04501
17482
06628
16307
18886
00636
13679
15913
15150
15376
13779
10561
05655
14144
18377
02845
09118
13669
08676
02697
05610
11860
16276
03840
05311
12478
14237
18512
08720
07710
18927
17191
01263
10423
16495
08769
18282
03022
16636
08170
13798
13797
14460
01475
13672
03232
09239
02424
10620
17407
02151
17495
01668
11662
03782
09277
06340
16492
16770
10507
07715
02385
10261
09844
11144
08397
10206
05709
11099
10582
05365
13551
16136
18252
17973
02493
10584
14951
12443
18909
07278
13019
14760
09410
08060
13484
17501
15675
15434
06825
03134
01629
03673
15019
07972
02031
01840
10903
12057
02689
10499
09922
11774
01495
00764
15926
11246
17926
12802
16335
01069
15197
05544
12394
11109
02717
14667
12625
08976
11013
11707
01571
02819
12909
10372
03146
01288
06588
04344
00393
08019
14527
05935
08881
00371
03277
00627
16387
02739
04350
17115
16958
03229
03583
06877
00070
14733
18196
17271
05820
05395
14458
05169
13612
17993
05121
13879
03127
06063
18474
18683
00526
14755
15837
15889
17842
16431
02305
11172
03021
04747
06848
09831
01490
08888
15970
13377
09112
02497
08990
05886
10933
10900
05419
09189
00802
06945
10066
15208
12040
02490
16230
18101
03834
14478
10320
13275
16655
09200
11146
09616
03367
13201
17254
02441
02874
12124
07500
00917
01111
03468
02887
10070
16088
07452
11393
15738
01557
16044
05540
15077
08127
13793
15311
00611
11591
05835
16766
02703
09210
15813
09412
18972
06503
16700
18223
09142
17609
03061
13175
06561
00350
09758
02273
09077
13692
09817
16757
16799
05635
03492
01880
11492
02852
08391
17087
11851
06384
04089
06763
12347
13025
09079
17998
03284
05025
04384
17392
08097
07283
02270
03268
19062
14286
00816
10847
07625
00969
16005
18950
02439
15534
03394
16897
16342
16828
06237
15350
04755
15770
05480
08740
14989
18793
07083
12228
14976
01204
17023
17218
00202
06815
18566
16319
00545
07286
07299
14163
19109
14082
09420
05919
02662
11888
09507
04986
07450
11213
06223
17153
10450
18892
07373
14485
08555
10865
01848
03915
13441
16825
07120
11412
00228
16546
06352
11277
06320
15802
11313
05802
03551
14381
12249
06003
16950
15315
18398
15053
01976
04373
04244
04494
16919
17921
10165
18161
06079
03606
10599
09294
08885
07251
01380
08037
01128
00714
07381
04133
10905
02525
15694
18715
10671
02274
17735
07114
16986
15618
05858
01707
15256
00881
13298
12009
15493
07829
09394
13101
16756
08141
02021
16101
09818
17213
15413
08386
18830
11533
01868
03830
16226
10116
03574
00383
11216
12907
02506
10832
02523
08232
14567
12362
17713
00912
12186
03772
16160
16462
09548
09418
18745
07858
01078
10135
05830
09452
14076
05954
17331
04715
07963
11185
09340
13353
13563
08245
08546
11920
13238
10973
03681
12045
16361
14294
14469
07356
07008
00065
06624
12484
08423
10236
17828
01737
03388
12498
14810
04764
09471
03582
13549
11212
06067
11604
11869
10246
06785
12510
07219
12266
03815
16045
02907
11318
02814
18803
02344
10062
13570
00343
13536
07673
03922
05967
15032
15583
00710
03005
11930
17356
10779
07128
03258
13506
06622
18492
01267
10873
15461
12269
15403
08972
12735
04689
01335
10192
11331
13336
16305
00028
12657
09980
02871
08008
06287
07776
02224
11174
00907
13521
09892
16427
07135
12191
17236
10155
08175
03981
02612
16638
07946
08264
10072
08617
11546
02293
17686
15718
10720
14433
04529
19138
10877
16151
12745
11555
04375
17989
14196
06681
16698
00506
14473
14174
16755
18780
02298
00628
06229
19106
17867
10625
18433
14775
02023
10771
12151
13271
12314
06756
09939
17390
07495
17112
11510
03082
10810
07143
14001
18607
07590
04121
01463
19040
03525
06593
03693
16042
05622
13382
02842
18185
04951
16389
14558
15451
06567
05828
17076
01777
11156
17473
07005
17572
07129
05780
00800
07201
11544
14672
17130
17651
10077
00067
03886
01872
13564
04332
05982
03897
02043
16371
06568
05268
15464
05190
02494
15060
01482
15354
13977
07530
10554
14508
07331
10887
11065
18078
12833
05636
15282
14735
14970
10265
13709
02928
06174
02148
18259
13844
03696
03764
01321
17048
15566
14212
01852
12096
09898
01623
02828
11748
06288
01262
04605
08446
10839
11770
11527
07041
14141
00308
02570
12071
15801
17978
17330
07226
13593
01343
01115
06809
03142
18036
17608
00353
07453
04476
08950
05689
07310
04851
02527
07010
14748
12881
14552
06863
11915
05403
04786
04625
17147
13158
02957
07800
04809
02983
05756
06258
07557
06725
11148
17466
08727
08203
13528
10480
08513
13026
13595
11627
09150
14342
16467
07546
06058
17195
09983
05545
07267
02340
00423
11010
12070
17697
15994
11705
17163
05993
13648
18485
18424
06018
02160
04774
12704
00255
13662
06858
17425
14736
06943
08437
06407
08792
05299
12000
04538
08056
12160
00706
08335
18666
16589
15081
14016
11402
06072
11073
06925
02181
06114
07983
06651
14637
10712
11405
11895
13222
15214
06703
16123
12808
04397
10711
03791
17586
11281
15746
08980
10662
02638
12056
10348
00317
08455
16041
12450
01720
09191
16396
10542
13080
08599
01015
13921
02994
14833
16980
07435
17318
02556
06050
15506
17164
14625
01905
04959
17776
09802
09307
18270
14187
07698
00625
14265
18400
07680
04071
18926
18203
14992
14959
04181
09147
06371
17386
11409
05447
13868
02834
16619
11639
03135
05949
03776
15364
00498
04990
06148
00761
00992
16155
01711
16108
05608
08670
01280
18874
00473
11551
02056
06284
10388
06898
18015
08357
08103
11171
05284
08113
18272
06452
01234
04535
11323
03369
10548
15915
02116
00652
16438
13874
14620
09744
00648
19034
15394
03167
11467
04102
18005
09982
16855
16606
08322
09621
00715
18674
10719
06771
05492
12018
05519
14897
13431
13224
10318
09655
07357
08726
00138
11730
09400
14186
00480
17281
14401
09642
10349
05160
01536
10255
11428
13337
08205
10052
10235
01590
05342
17555
03786
17240
09454
05774
03740
03436
02027
13273
07906
08317
06742
05853
07074
17736
01941
10824
06818
05966
15491
11927
12799
06878
15795
06146
06427
11052
11672
03939
10958
13473
10506
12425
17882
15129
10883
07841
14717
13732
13035
16576
11401
03320
11205
03002
06204
13693
01233
11399
12727
17291
04392
05475
10473
02661
00132
17084
16254
03652
06076
09871
12161
09486
17301
17858
04857
14185
15573
10224
11186
01822
15101
11684
06101
01134
00599
03648
04984
05617
07661
16719
05860
02349
08302
15303
15671
16465
12674
07031
02138
16334
04238
11626
12571
05336
16779
10876
10866
11408
07982
16225
14981
14298
10578
05249
07104
07491
00012
13475
10021
07414
13993
15204
04339
16820
09375
16487
10354
04792
03161
13620
07296
17323
09936
08087
10074
16549
07633
12472
07398
17894
03088
18514
07759
15411
08186
16473
01744
10610
09042
04931
16658
17886
17058
13231
12763
00037
10726
17623
01093
06337
04754
14202
09528
02865
12575
14969
10732
07741
18113
08557
10686
14744
02705
00945
06590
14313
04458
06482
02857
00662
08209
19100
16862
09872
12522
15885
08707
06932
01728
06904
08132
09839
04828
16363
00583
05574
05691
07524
08664
11292
04994
05564
11564
00954
09441
02693
17426
03940
18920
06173
18268
16633
10157
08241
18303
04475
00607
10171
04419
04033
05901
03835
15345
18675
13755
08770
02576
16550
06213
16924
05247
08866
00983
09056
07605
01034
03164
10576
03667
13576
14366
09156
00885
13414
03694
17174
01878
18860
00238
13778
10525
17537
13559
10868
18423
04007
06497
15784
03252
08270
00085
01085
06866
18734
15704
02322
01247
06250
12026
12438
06553
15703
17077
05083
08491
17845
05257
14935
06988
06760
03856
18933
18446
02669
02862
19105
03339
02590
16452
07380
13626
16583
00197
12974
16208
15108
07460
17484
13349
10780
03911
07057
09164
06082
01718
08648
03293
18662
12449
05322
13202
01833
02514
13849
15360
11251
00227
01816
07816
11222
07393
15984
18812
03253
09784
06592
05952
07765
17808
16629
05099
06474
07821
12837
13895
14392
16294
10324
02059
15305
00977
14693
14271
06125
14012
02966
09971
05867
16772
01694
14707
01708
04645
02016
12486
01397
03905
13033
12375
11725
14403
01232
01404
07740
18580
01499
13328
18284
14279
01433
05431
07320
04750
03841
11974
17859
16409
13661
18159
17305
10425
07064
11178
06586
09664
00049
09373
04092
01438
09912
05338
11839
11954
10028
04131
05892
02346
00366
13287
16163
01242
02462
13525
10895
01883
06217
11348
06903
04583
19165
03476
11021
13168
04756
04787
06188
02723
08405
18107
09942
01492
02476
16003
16196
16734
01334
18130
11458
10143
10435
08782
10606
16336
02436
02371
04760
10041
11621
06053
11616
14195
14055
17988
03287
13253
05349
11947
16609
06902
05937
12647
01768
08190
00773
01682
05717
01442
15617
17603
01773
00177
05511
14507
05748
13605
14503
00516
08371
01586
05618
06164
02993
11097
12720
10778
09258
19150
16684
09850
07691
17722
05032
17142
18147
18772
13255
05291
10428
14979
12942
06581
04103
13515
11690
16356
03183
03124
13079
01724
11960
18198
02161
01973
13947
06005
01421
05971
07588
08996
02777
00478
12027
08030
14801
00015
13013
13257
04001
09270
18951
04977
15037
18898
15823
07353
15456
02657
12482
04460
12316
06541
17893
17956
00080
11147
03918
10692
07253
02772
08432
15874
06618
18657
13183
16918
02836
17923
16882
00288
13589
06259
12978
11483
14730
09424
09510
01570
14741
10406
16888
03961
15512
03787
02731
01156
18789
02286
12144
12528
03434
05488
08975
09861
14390
10543
14411
18558
06529
13249
13791
18507
06135
03464
06576
03544
11261
15917
09781
12289
16241
05309
07781
17850
13944
05267
01640
06633
09914
07799
00788
05719
01377
08036
16990
05497
13685
17098
15850
06698
09380
11335
04060
06100
18131
13121
04268
15722
15040
01786
16055
16965
17439
06621
16639
05237
08800
09181
04035
09059
15748
11142
06893
09395
02537
05816
02003
07158
05697
16391
01122
01731
17511
04803
14223
08967
15283
15544
07244
13565
01974
09365
03099
13167
11275
18140
01071
06563
14908
08516
08897
02427
09392
02331
02561
08338
18987
05379
03857
06891
08433
10417
17354
03954
18863
00158
06897
14541
11036
05515
10329
13400
17427
16104
17805
04975
13789
00640
14875
12437
05811
05471
02358
00734
00779
10397
14575
02193
13410
18410
16809
02569
18302
03462
05581
06102
06826
18428
00610
02768
15835
