07725
16821
12779
16449
08700
01514
00940
09233
02551
10211
05182
07994
16343
18366
02208
05451
03881
15473
04446
10456
11879
16378
03655
10360
07901
03537
10650
08903
18150
08266
16750
02082
06907
04207
00456
04648
03738
00812
11436
06522
04288
15225
13631
06724
09011
13386
08044
04943
17382
13910
07170
02416
17659
01838
03542
12653
09482
15398
03246
04507
18418
15517
15523
18811
02958
03309
10751
17332
16259
14623
04593
15686
15423
14341
04580
01501
11506
04147
12108
11845
02631
16626
01306
16113
01302
06232
15825
08001
06378
06913
08938
01387
15551
04388
16216
18890
14710
13107
05070
15224
02361
06935
03893
18747
04233
18587
06089
05008
03953
04293
16327
12549
14699
18035
17779
11948
07707
13379
03054
12951
01344
08102
04005
14519
01564
12265
15159
00689
17844
12172
00106
17172
16428
09840
02451
03823
15695
15629
07957
03172
14156
03049
02332
10986
16188
16696
01566
06353
12535
06525
03115
13056
14490
11884
07648
00305
03602
04120
18586
05179
09956
02141
05436
07090
07745
07049
01041
03550
19090
10921
05129
07757
08195
05215
10593
17582
06685
07623
01051
02848
11106
04532
04884
04727
09299
03665
14484
01715
03592
17648
